6.961692997720092535e-05 4.439779877429828048e-05 7.976898814376909286e-06 7.036566785245668143e-06 2.443738594593014568e-06 1.539429649710655212e-05 1.609644095879048109e-05 1.776693716237787157e-05 3.030218613275792450e-05 1.039612834574654698e-04 5.193689958105096593e-06 1.291162107008858584e-06 1.028263113767025061e-06 1.109518052544444799e-06 1.272345571123878472e-06 8.060090976869105361e-07 4.538281359600659925e-07 5.900432711314351764e-07 1.738586945521092275e-07 6.544273674080614001e-07 1.049652382789645344e-06 2.449343810440041125e-06 1.583835000928957015e-06 1.186011786558083259e-06 7.721226324974850286e-07 9.644581950851716101e-07 8.211669637603336014e-07 5.044865361014672089e-07 3.815023319475585595e-06 6.119917088653892279e-06 4.511385213845642284e-06 3.793290716203046031e-06 1.507194951955170836e-06 2.093984585371799767e-05 5.292102969178813510e-07 2.483072421455290169e-06 4.286563068944815313e-07 7.395084367090021260e-07 1.322874823017627932e-06 1.130577970798185561e-06 9.085389933716214728e-07 5.089861474516510498e-07 4.728716760382667417e-07 1.637380023566947784e-06 4.255574310718657216e-07 5.975384738121647388e-07 5.072409976492053829e-07 7.875114533817395568e-07 9.593120466888649389e-07 1.294393996431608684e-06 6.085691893531475216e-06 4.169448402535635978e-06 2.078894431178923696e-05 1.851472575253865216e-06 7.228492791000462603e-07 4.727156920125707984e-06 4.441525106813060120e-06 7.784672561683692038e-06 6.322036824712995440e-06 3.190487404935993254e-06 2.112563379341736436e-06 2.916452331191976555e-06 3.019407358806347474e-06 8.677922664901416283e-07 5.519511432794388384e-06 4.039447958348318934e-06 1.500147050137456972e-06 1.755417724780272692e-05 7.193278179329354316e-06 5.256756048765964806e-05 6.238393252715468407e-04 9.424348536413162947e-05 7.722532609477639198e-05 7.906944665592163801e-05 3.318763629067689180e-04 1.878884795587509871e-04 2.225927019026130438e-04 2.267179843329358846e-05 3.710942473844625056e-05 1.038939899444812909e-05 9.915142072713933885e-06 6.261452654143795371e-06 3.796114924625726417e-06 1.094500294129829854e-05 3.449429641477763653e-06 2.890559244406176731e-06 7.589332540192117449e-07 1.493934405516483821e-06 2.373743200223543681e-06 2.336955020609821077e-07 1.746469365571101662e-06 1.430001702829031274e-06 1.177740432467544451e-05 1.016078604152426124e-04 8.938944665715098381e-05 2.376632983214221895e-05 1.420202170265838504e-05 1.237175274582114071e-05 3.745691401491058059e-06 7.566152817162219435e-06 2.393213662799098529e-06 3.249688234063796699e-06 1.315521444666956086e-06 1.036669686982349958e-06 1.520568503110553138e-06 9.859917327048606239e-07 7.590171207993989810e-06 5.826690312460414134e-07 6.017891678311571013e-07 9.620364380680257455e-07 4.964803679285978433e-07 3.417033838104543975e-07 4.566053632970579201e-07 6.555566756105690729e-07 4.404235767196951201e-07 9.863763352768728510e-07 5.092579158372245729e-07 3.793100518123537768e-07 1.020870172396826092e-06 4.692396089467365528e-07 8.052876978581480216e-07 2.736664157509949291e-07 4.217791342853161041e-07 4.729671729819528991e-07 6.902961331434198655e-07 1.419305021954642143e-06 7.506334895879263058e-07 2.014599658650695346e-06 1.724281537462957203e-05 4.059603725181659684e-06 6.547020802827319130e-06 9.796458471100777388e-06 1.775045348040293902e-06 2.020428610194358043e-06 1.814282541090506129e-06 3.882475539285223931e-06 1.370843256154330447e-05 8.600748515164013952e-06 9.029752691276371479e-04 4.104782419744879007e-05 2.120370918419212103e-04
4.439779877429828048e-05 2.908129772549727932e-06 2.282506029587239027e-04 5.781527647741313558e-07 9.335843060398474336e-06 1.924107664308394305e-06 4.996664756617974490e-06 2.549428063503000885e-05 5.658603040501475334e-04 6.929237201802607160e-07 5.294087941365432926e-07 4.445776937700429698e-07 1.719262030519530526e-07 1.559466511480422923e-07 7.612682395574665861e-08 5.208117315191884700e-08 3.552073124524213199e-08 7.355318132340471493e-09 5.013664505781889602e-08 6.901730387198767858e-08 1.509915392716720817e-07 1.184676676757590030e-07 2.391526550127309747e-07 7.194169882041023811e-08 9.895781261093361536e-08 6.135191910061621456e-08 1.370156788027543371e-08 1.948672831986186793e-07 1.039469808006288076e-07 3.455741079960716888e-07 6.108950287853076588e-07 1.522278409993305104e-07 8.866685675457119942e-06 7.562050541309872642e-08 2.699613617096474627e-07 3.476139909253106453e-08 1.297797922461541020e-07 8.031277332065656083e-08 4.595132807594382029e-08 3.137926114504807629e-07 1.623609051648600143e-07 5.165539818108300096e-08 6.345002390162335359e-08 1.646236995611616294e-07 5.395621087700419594e-07 1.608953397180812317e-07 1.540708183256356278e-07 1.430397276180883637e-07 3.805200208262249362e-07 7.680879434701637365e-07 1.450214540454908274e-06 2.090094130835495889e-05 4.683448366904485738e-07 7.093336762409307994e-07 5.561488336525144405e-08 3.134772441626410000e-07 6.095893240853911266e-06 6.636470970988739282e-06 3.090612608502851799e-06 1.065576725522987545e-06 8.101719686237629503e-07 3.645317860900831874e-07 3.045726771233603358e-06 2.532357484597014263e-06 1.509237534946805681e-07 1.125542212321306579e-06 1.914220774779096246e-06 1.211761059494165238e-06 2.250458783237263560e-04 6.724129889335017651e-06 5.303639227349776775e-06 1.145096216350793839e-02 4.976851778337731957e-05 1.751821138896048069e-03 4.440945631358772516e-04 1.062120683491230011e-02 3.498755540931597352e-05 1.744687142490874976e-05 2.465104898874415085e-06 4.735503353003878146e-06 5.567485459323506802e-07 1.289356418965326156e-06 1.418661850038915873e-05 1.566386572449118830e-06 1.342502741863427218e-06 3.497315788081323262e-07 7.827165973139926791e-07 3.158855577112262836e-07 2.931510323378461180e-07 2.833504879617976258e-07 6.877772307234408800e-08 1.852288988857253571e-07 2.076072007639595540e-07 3.299326635897159576e-05 2.841919558704830706e-05 6.388677775248652324e-06 3.541257001415942796e-06 2.190093937315396033e-06 3.273566790085169487e-06 5.518075454347126652e-07 3.014440608239965513e-06 3.145402729387569707e-07 5.001016916139633395e-07 1.626226975304234657e-07 1.120940069654352556e-07 2.699950073292711750e-06 4.903665029587500612e-08 7.992527173428243259e-08 7.426201875659899088e-08 5.758636234531877562e-08 3.875206999737201841e-08 2.513336561094092758e-08 1.253369230624912234e-08 1.855809017570209107e-08 7.552771563723581494e-08 1.134473315289596940e-08 2.217496941625540785e-08 5.063071739641600288e-08 9.611015627797314664e-08 1.183679287919403578e-07 1.327184140365034182e-08 1.845776154141276493e-08 3.424056842504796805e-07 6.022413145956306835e-08 6.660734896968278917e-08 5.797857127731731453e-08 1.550736499211780028e-07 1.157073938884423114e-06 1.537462367195985280e-06 1.322633465861144941e-06 4.782377800438553095e-07 1.885470965135027654e-06 8.128983495225838851e-07 5.065936079517996404e-07 1.664057890593539923e-06 3.898614977515535429e-06 2.278736792504787445e-05 8.595151593908667564e-04 2.917962046922184527e-05 3.651213410194031894e-05 2.889195166062563658e-04
7.976898814376909286e-06 2.282506029587239027e-04 1.894366050692042336e-07 1.317629312325152569e-06 4.362509116617729887e-06 2.984742877742974088e-06 2.616071469674352556e-05 2.886799629777669907e-03 3.166841906931949779e-06 1.534893635835032910e-05 4.386977892067989160e-08 3.184131358580089000e-08 1.775570410700311186e-07 2.449904101808897394e-08 1.186948566100909375e-07 1.240898512833155110e-07 3.200639042688635527e-08 6.859478673959529260e-08 1.770638107245758874e-07 7.353734190473915078e-07 2.375429630774306133e-07 4.107245388240698958e-07 8.219973892664711457e-07 8.379779501410666853e-07 6.785106165807519574e-08 5.050236495662829839e-08 3.789715918856018106e-08 3.340197451962012565e-08 4.158506783369375626e-08 8.886221536386074149e-09 2.442895379317633342e-07 3.873706191370729357e-06 2.171181705534763751e-07 2.167423360788234277e-07 5.968550453872012440e-08 1.073668300932695274e-07 2.219695005578614655e-07 2.195765702595053881e-08 3.379455293384125980e-08 1.646465079829795286e-07 1.070980715667246841e-06 3.079985617659986019e-07 7.023210173429106362e-07 7.405479891531285830e-07 2.876629423553822562e-07 7.250940257108595688e-07 2.010429369647681597e-07 7.853244454736341140e-08 8.976033427643415052e-07 6.864039505671826191e-07 1.463508738197560888e-06 4.636547714653715957e-07 8.515490890204091556e-07 5.472246584758977406e-07 3.858117381128067791e-08 1.153821926891396288e-07 2.802949438773794100e-06 4.705098035628907382e-07 6.806080250498780515e-07 7.849470193832530640e-07 3.424416945563280024e-07 2.385089032941323239e-07 2.454716536703926977e-07 2.953874513877963182e-07 1.001041937342961319e-06 9.514710654912050813e-07 1.324658933299360797e-05 1.543121697977767326e-06 3.773250227823155001e-07 3.677039421745575964e-05 8.959814294939860702e-06 5.550764853978762403e-06 4.749071667902171612e-04 3.487055073492228985e-04 2.104681916534900665e-02 8.771305874688550830e-05 5.883214762434363365e-04 2.766837042145198211e-06 7.898508442849561106e-07 5.895677759326645173e-07 3.284163994976552203e-06 9.416897910341504030e-07 8.426026170127443038e-07 3.472179059826885350e-06 5.762903583672596142e-06 7.855128387745935470e-06 6.508455498988041654e-07 1.997810977627523243e-05 3.291593486665078672e-07 3.951813027924799826e-07 3.819683911387983244e-07 1.391854311805218458e-07 6.023844889568863437e-07 6.398933578566357028e-07 1.818951545828895178e-06 1.626709149604721460e-06 1.186032363875710871e-06 3.767493126360932365e-06 1.314647306571714580e-06 3.629512775660259649e-06 7.056443678266077768e-07 5.591092758550075814e-06 1.932971400719907251e-07 1.674004153073838097e-07 4.468088263820391148e-07 4.175251433480298147e-08 1.548966395148454467e-07 2.240642231754463864e-07 1.927449204686126905e-07 3.111962314505944960e-07 1.645888261236905237e-07 5.843746109235326003e-08 1.217147094223491877e-08 1.028786389412061908e-08 1.862769138938347169e-08 1.751818778927827225e-08 2.553302103081023233e-08 4.256730434804012475e-08 5.749344467176342732e-08 4.633202976833672437e-08 3.758134781151056814e-08 6.264140495204628678e-08 5.947069894318701699e-07 2.807655086201066297e-08 1.667940523475408554e-07 3.013952607489045477e-07 4.380941334147792077e-07 3.119623215752653778e-05 1.577695059040706838e-07 4.487789624363358598e-07 2.062181891915315646e-07 5.787009058622061275e-07 4.459548961222026264e-07 5.626067149933078326e-07 1.173434611700940877e-05 1.060604554368183017e-04 1.721217267913743854e-04 7.833073032088577747e-04 1.746571215335279703e-04 1.115332706831395626e-03 1.689566488494165242e-05
7.036566785245668143e-06 5.781527647741313558e-07 1.317629312325152569e-06 7.232840175674937200e-07 8.275460317008764832e-08 8.547016250304295681e-07 7.812348485458642244e-05 1.055316351994406432e-05 7.518955499108415097e-06 2.113530328529122926e-08 1.352639600327165681e-07 1.022701034969486500e-08 5.180233486612451088e-08 3.590560027078026906e-08 6.624606641025820863e-08 1.145474612940233783e-07 1.128898219349139254e-07 3.434752926523287897e-08 2.738559068404811114e-08 7.547955505060599535e-08 2.830190837244117574e-08 4.461835345637155115e-08 2.008836119671286724e-08 4.749952609017782379e-08 1.171573149605364961e-08 1.300712693108607709e-08 1.408622019027916394e-08 7.392007894679863966e-09 5.027406269064726985e-10 6.735498381260640599e-09 1.589098630461194261e-08 3.744229957192146685e-07 1.172410435401616269e-07 2.998885122451611096e-07 5.416905537458660547e-07 9.009094803502648574e-09 1.600951904379144253e-08 6.732320230184996035e-07 1.994751954725870746e-07 1.104271305507609213e-07 7.881752708271960728e-07 5.592002025878173299e-07 1.003185943204698560e-07 2.248744692678883439e-07 8.842439314094008296e-08 2.207161458045447944e-07 3.942694348779696156e-08 1.229065293983921947e-08 2.537245258338316489e-08 1.744097666289690096e-08 9.649611598661067546e-08 1.574226615730367485e-07 2.275216957059456035e-07 2.281115207836137415e-08 1.498442792069454299e-08 8.243959825904312311e-08 2.119951147960819071e-07 4.698951983073129668e-08 3.811840940670663258e-07 1.250737255986678065e-07 1.542252192621162976e-07 9.633163244870956987e-08 9.569288295097067021e-08 2.296489753916830523e-08 1.019097339849395212e-07 9.855318694462766871e-07 1.580307582571549574e-07 2.364602187299169600e-05 1.266184455062102643e-07 4.226661687312116555e-08 7.367141847680613864e-07 2.150487034668913111e-06 1.774764823494479060e-04 2.159870928153395653e-05 1.480411901866318658e-05 2.303906330780591816e-05 5.147336992195050698e-07 2.804057203320553526e-06 2.758166317562427139e-07 7.510897859219767270e-08 5.311744075697788503e-07 4.032592642033705488e-06 1.867492528617731296e-06 1.903444172057788819e-06 1.924600383063079789e-06 1.701678570498188492e-06 4.633778189599979669e-06 1.312455879087792709e-06 4.099708661442491575e-08 2.175335644949427660e-08 2.259001163906759757e-08 1.133186984247913642e-07 2.149883755464543356e-07 1.046164044282704708e-07 7.883651846896100324e-07 4.036086522773985052e-07 1.292170566102868179e-07 2.759843766853009583e-07 4.360967125194292748e-07 1.750615581386227859e-07 7.223293323477264494e-07 5.878192155250872020e-08 2.296417562774877297e-07 6.772404503863072023e-08 5.850792916817226796e-08 9.663109423740934290e-09 4.185105950682554976e-08 8.583306509990507038e-09 3.964493657804268878e-07 5.306229766688375094e-08 4.805496089943517291e-08 4.191173985645946232e-08 3.109493773578719811e-09 2.211463678847280789e-09 7.409889146714476738e-09 2.055765779829243911e-09 3.410900673017636109e-09 2.477569260861400835e-08 1.673756014497485012e-05 6.193275936539066606e-08 4.288333599333782331e-08 5.754687748549258686e-08 1.285752482260704710e-08 1.325402365637273761e-07 2.592856240823948610e-08 9.650276666661739000e-08 1.751576178321556654e-06 1.582882021011755569e-07 1.936422648896041210e-07 1.434334251371183200e-07 4.986292267972203263e-08 1.163202796305995435e-07 7.083731361490208656e-07 1.202792674348529545e-07 3.389657285879366100e-05 5.169265205040574074e-04 1.284032123294309713e-06 4.908649771095952019e-06 8.854566840454936028e-05 4.725597591459518299e-06 2.447513179504312575e-05
2.443738594593014568e-06 9.335843060398474336e-06 4.362509116617729887e-06 8.275460317008764832e-08 4.633363914763322100e-06 2.056369794445345178e-06 4.618865148131590104e-07 5.106490789330564439e-06 8.763474568240781082e-08 1.631445343264203984e-07 2.441641910877478949e-08 4.898788574791979045e-08 3.997072184347416623e-08 5.336065100891573820e-08 5.034402761339151766e-08 1.596950482962711249e-07 5.625105927720142063e-07 1.670446039270245819e-07 7.773781618425346096e-08 2.233479179380992719e-08 2.098174078923875641e-08 2.839597446069319631e-09 4.232934003312038840e-08 4.002861153651338100e-09 1.504719016054423264e-09 2.292098422174149164e-08 4.437887390906780638e-09 1.695587004135745701e-09 1.145016703674173186e-08 1.602322541316425486e-08 5.944457814877068813e-09 4.361888983339667902e-08 1.966234606243233429e-07 6.061260648948518792e-08 1.898706081249201816e-08 5.240061184963451524e-08 3.526506731077461154e-08 1.534445175366272451e-07 6.097280333960952703e-07 6.103930161316384329e-08 1.697596019312186399e-07 2.278916753084558877e-07 1.185373790235644265e-07 2.017914937368914252e-07 1.693611864084232366e-07 2.226374533620401053e-07 2.337804261287601548e-08 3.704963802420024876e-08 8.231942416614401736e-08 1.858571074819792557e-08 4.317077895166221424e-08 1.640182460960204480e-07 5.616365683636104222e-08 1.375087492760940222e-07 2.313836944267677609e-08 4.831501954072336957e-08 2.013039512860359537e-08 1.355152079440813395e-07 1.488614209677052713e-08 9.659345323598245159e-08 1.297930207755371157e-08 3.064840115030165180e-08 3.786461277854868968e-08 1.968768437166090735e-08 1.105587585925604799e-07 9.415016677394305589e-08 7.863085471626618528e-08 2.753488104190182639e-08 2.598825972199847456e-07 4.618886464413662907e-07 1.718836983854998834e-07 6.978560804782318883e-07 1.204457294079475105e-05 4.243883304297924042e-03 3.117398591712117195e-06 1.640085656617884524e-06 3.030198172382370103e-07 7.471510521384061576e-09 1.839223102706455393e-07 1.240479468833655119e-05 1.919695193919324083e-07 1.968876830460430938e-07 1.356803636554104742e-06 9.281146162720688153e-07 2.334268629056168720e-06 5.267005462883389555e-07 6.099782240198692307e-06 3.124645502339262748e-07 2.918841914834047202e-07 1.329667753680041642e-07 3.113726876335931593e-08 1.992298237496470392e-08 7.994441375558380969e-08 1.802030453745828709e-07 2.724910643792100018e-07 8.907132951208041050e-07 1.256920967307451065e-07 1.430583296269105631e-07 5.050545155427244026e-07 5.640030735776235815e-07 2.326396781882067444e-07 5.563630907090555411e-07 1.019131872226353153e-07 1.695656060007877386e-08 8.285784502959359088e-08 2.176854877689038403e-06 2.122662436931932461e-07 1.138783218834760191e-07 2.259425535555692477e-08 5.147084181089667254e-08 7.019288972287540673e-08 7.149972613973432090e-09 1.317706921355465965e-08 9.214131679868842184e-09 3.104886348026525411e-09 5.436702643635271670e-09 6.926899054349178186e-09 5.832524720972287469e-07 1.395353166344648344e-07 5.931104851697455160e-07 2.983783247145765927e-07 2.715562530397619412e-08 2.679577448816417018e-08 2.006079036220853595e-08 4.456046553968917578e-08 6.399828578196320450e-08 2.094268012342581642e-07 1.443217740870750276e-07 1.354208905013365438e-07 1.417280088844563579e-07 1.485809519863323658e-07 1.916651228839327814e-07 3.211368664324254496e-07 1.035363993651117198e-06 5.940731853115721606e-07 9.899168844640371390e-07 5.268762379273539409e-06 3.202942480129422620e-06 6.853028367004299071e-07 5.247670287644723430e-06 5.306880666466895491e-06
1.539429649710655212e-05 1.924107664308394305e-06 2.984742877742974088e-06 8.547016250304295681e-07 2.056369794445345178e-06 1.106710215026396327e-06 6.266631771723041311e-06 4.526866064225032460e-07 6.596731338959216373e-08 4.450334500916142133e-08 2.934738176918472163e-07 5.510452183443703689e-08 1.735588881501826108e-07 5.598271854978520423e-07 8.033338616542096133e-08 1.945356444821300101e-07 2.321504126712170546e-07 8.178803057035111124e-08 1.524372450489863695e-08 7.510437605162678665e-09 9.212939744429604616e-09 7.361361298308111145e-09 4.513931006755456110e-09 3.915989310598888551e-09 1.551932768961705733e-07 1.495113366445366410e-09 1.098614710315359844e-08 4.402564357519622718e-08 2.301013211081226473e-07 8.844709498134761816e-08 1.580403079515235731e-07 2.650895680744724814e-08 1.089674697141163051e-07 1.044994405674515292e-06 2.776685903427278390e-08 2.059802284293255070e-08 1.869879540095098491e-08 4.535976572128674889e-08 1.176117621071171016e-07 6.127990559434692841e-07 6.414488495920522837e-08 1.161707672281409032e-07 6.718515237480460200e-07 1.557291113840619801e-07 1.016217794358453830e-07 1.420249589045852190e-07 2.472724531799030956e-07 8.767207404503096768e-09 2.452560821097904409e-08 1.526900739179382072e-08 9.639735765176737914e-08 2.695020953069615643e-07 2.060875488041347126e-07 3.761039408800570527e-07 6.390482099050132092e-08 3.563029693509633944e-08 4.599041503183798341e-08 7.985656225173443090e-08 1.670687481691857101e-07 4.154676602752260806e-08 4.754063454015522439e-08 2.955451883224213816e-08 1.384360182044019894e-08 4.711484109520824859e-07 2.402022936109915463e-08 5.386549517538696819e-08 3.092388212166952144e-08 2.026115986097920540e-08 1.119789985182251257e-07 6.422253022719814908e-07 2.980572162414318882e-07 7.519623181906354148e-07 4.401974365464411676e-06 1.817317388486117125e-05 2.230827137827873230e-02 3.045674475288251415e-06 4.169091880612540990e-07 2.212694880654453300e-07 2.759114714478982933e-08 5.905289413021819200e-08 2.660909103724407032e-06 6.142731763247866184e-07 9.191453500534407794e-07 3.983037458965554833e-06 2.027992377406917512e-05 3.044125605811132118e-06 5.513911673915572464e-07 4.442231897883175407e-07 1.098739176086382940e-06 1.555692676902253879e-07 4.228676075967996439e-08 2.655854203226226673e-08 6.667833929441258078e-08 2.618451730995730031e-07 8.905479944587568752e-07 2.403602366030099802e-07 6.796369120820600074e-07 1.402313927201248589e-07 9.591591521029840806e-08 2.758622485998785123e-07 3.876776588640495902e-07 3.735409563887515105e-07 2.002676211532161688e-07 2.195084292111459945e-08 1.854601094919416937e-07 1.483472942709340714e-06 1.312102813244564459e-05 2.837877900674357079e-06 2.677914778814738384e-08 3.056401354228910350e-08 8.045087440677889390e-08 4.389053742670512293e-08 1.646505580765733612e-07 3.846960794362530578e-08 4.765903227621492988e-09 2.001774745963302848e-08 1.764916817137418548e-07 5.162896741239819676e-07 1.794331438986773719e-07 2.492127464392979164e-07 1.017286095361669140e-07 5.522521107081956870e-08 1.436118157727150901e-08 3.310914564735867316e-08 2.440158652916579740e-08 1.559376840987169999e-07 4.072475690009014215e-08 1.696603533218876692e-07 1.493128536367294146e-07 7.040310947559191845e-07 5.498635573530918919e-07 2.058146037597907707e-06 8.937950951803941280e-06 1.134648428546825016e-07 1.366104470434947871e-06 2.389120254520094022e-06 7.836473741917870939e-06 2.267540821776492521e-07 1.950721042476288858e-07 5.360270733945071697e-07 1.204082991534960456e-06
1.609644095879048109e-05 4.996664756617974490e-06 2.616071469674352556e-05 7.812348485458642244e-05 4.618865148131590104e-07 6.266631771723041311e-06 2.437419368561677402e-07 8.969705049821641296e-07 2.554364186835300643e-07 4.420751764655506122e-08 7.232291210357288946e-09 1.232795909800188383e-07 1.121915360613456869e-07 6.241650680749444291e-07 3.200092919541930314e-07 1.386502788136567688e-07 3.856561363591026748e-07 2.930888740593218245e-07 2.787589608033158584e-07 3.650883684258587891e-08 7.775626365003063256e-09 4.649145957102973625e-09 1.291073203901760280e-08 4.748857463710010052e-06 1.526412951591282763e-08 2.420349609622007847e-08 1.500650199659503414e-07 1.122007446952011378e-07 3.125359739897248801e-07 3.848899723379872739e-07 5.433757905848324299e-07 6.265084095957718091e-08 3.972305933075404027e-07 1.120882870964123867e-06 1.800323303768891492e-07 2.042418998371431371e-07 2.974031190206005704e-07 1.648434135859133676e-07 1.183846762842222233e-07 8.562871016692952253e-07 2.550378610521875089e-07 1.859082061628214433e-07 7.265413159984746017e-08 5.351509457796055358e-08 9.999130412552403868e-08 5.510427669719319965e-08 3.292360162276963820e-08 3.061665765358156932e-08 2.789909636646825675e-08 6.610584080135595286e-08 1.719078909445670433e-06 2.127476818714058027e-06 1.550559318275190890e-06 1.102063151847687550e-06 1.087493046725285240e-07 4.363828409736925096e-08 7.699397031046828488e-08 5.322143010744184721e-07 6.162364343254012056e-07 1.509674518729298143e-07 7.135196966601142776e-08 3.337807470416009892e-07 1.035760774925620353e-07 5.892749868507962674e-06 1.245086423296015710e-06 5.752021792204686790e-08 2.359165307552757440e-09 3.675273063663553330e-08 8.672095930251089158e-08 1.167616829889084329e-07 2.741134039752068929e-07 1.911756953631993383e-06 1.684083508735056967e-05 2.408610162092372775e-04 5.790323950350284576e-03 3.799903690814971924e-01 1.323119249718729407e-06 1.435810986549768131e-06 4.129165915855992353e-07 2.858989134324474435e-08 1.849469697390304646e-07 4.163771336607169360e-07 1.766497916833031923e-06 9.395668712386395782e-06 7.625249509146669880e-06 3.656041371868923306e-05 2.459023562551010400e-07 2.074142230412689969e-06 7.840239959477912635e-07 3.757868398679420352e-07 1.677733223459654255e-07 6.023487486572776106e-08 1.361836723390297266e-07 1.800995903522562003e-07 4.332423486630432308e-07 5.730628913624968845e-07 1.533586328150704503e-06 1.204504656016069930e-07 2.585175025160424411e-07 2.415731330529524712e-07 2.034342543311140616e-07 1.142624341810005717e-07 3.815554094899198390e-08 1.257986497193996911e-07 2.546396444813581184e-07 8.021994801765686134e-08 6.199365543579915538e-06 8.346649451596022118e-07 1.853853035527208704e-07 1.366485093967639841e-06 1.097939730243524536e-07 2.256653743870629114e-07 5.415432724475977011e-07 8.446012778051681380e-09 4.350128619989845902e-06 2.032810542118568264e-08 3.424176497901498806e-08 7.532368329066230217e-08 1.442760311221036318e-08 5.066623387506297149e-08 3.373122936523031967e-08 4.092340333272659336e-08 9.992415073156735161e-08 5.622784016168225207e-08 2.627200217375502689e-07 6.715136890989015228e-08 1.304810268720757449e-07 7.779935913276858628e-07 9.245192700291227084e-07 1.499684231021092273e-06 1.433302827535953838e-06 3.298680439911549911e-06 6.056826578060281463e-07 2.243337604568296229e-07 7.681093165956554003e-07 3.060683593503199518e-05 2.108485404050952638e-07 1.379172545057372190e-06 1.234040354347598623e-07 2.779795977403409779e-06 3.120777137155528180e-06
1.776693716237787157e-05 2.549428063503000885e-05 2.886799629777669907e-03 1.055316351994406432e-05 5.106490789330564439e-06 4.526866064225032460e-07 8.969705049821641296e-07 5.479157607624074444e-06 3.649827817753248382e-07 6.363826514643733390e-07 3.602290377102690400e-08 1.691314110985331354e-08 9.843779480434022844e-07 4.259262027517252136e-07 1.549992362015473191e-06 7.600161211485101376e-07 5.979575803394254763e-07 9.569230314809828997e-07 3.906515644302999135e-07 1.530514452952047577e-07 7.688523595561491675e-08 2.268835075369679544e-08 4.382376914691121783e-07 2.887373362625567097e-08 2.410915556083637057e-07 2.326281389741780004e-07 1.090614176746385056e-07 2.945153312339243712e-07 4.886136593995615840e-06 1.885500068965484388e-06 8.191899780740641290e-08 6.120986654423177242e-06 5.000633791496511549e-07 2.958606728498125449e-07 7.320615168282529339e-06 2.223403498646803200e-05 9.836904837356996723e-07 3.925862529285950586e-06 1.449772980777197517e-06 1.442835946363629773e-05 1.941204573085997254e-05 2.721511407344223699e-07 1.190903518022423668e-07 4.475118942082190188e-08 1.288790940634498838e-07 1.825224842377792811e-07 1.361699588642295566e-07 1.074066204864720930e-07 6.209928216094340314e-08 7.785966005258160294e-08 3.831495178019395098e-06 1.467571792090893723e-06 2.726352249737828970e-05 6.280199045249901246e-07 8.612910562533215852e-08 6.252635387227201136e-08 3.194911641912767664e-06 2.174212568206712604e-06 1.501836209172324743e-06 1.722359456834965385e-06 8.401906598010100424e-06 5.999783070365083404e-07 3.783895954256877303e-05 2.332144049432827160e-06 5.223244556873396505e-07 5.296960736700384587e-08 8.627632297475429368e-08 5.578462491939717438e-07 2.636859903759614099e-07 1.495023980169207789e-06 7.308395288418978453e-05 9.576897355145774782e-06 1.062654155248310417e-05 2.124032471328973770e-04 8.096488891169428825e-04 1.661554328165948391e-03 8.609301447868347168e-01 5.135190804139710963e-06 4.793308835360221565e-05 1.609828927939815912e-06 4.326826541500849999e-08 6.556407470270642079e-07 1.664671799517236650e-05 1.411451103194849566e-05 2.805659823934547603e-05 5.131390025781001896e-06 6.784835477446904406e-06 2.489191501808818430e-07 5.597367476184444968e-07 6.023649916642170865e-07 4.619417381945822854e-07 3.060748383632017067e-07 8.251075769294402562e-07 4.155424448981648311e-07 4.764445691307628294e-07 1.273062139262037817e-06 1.525026050330779981e-06 3.218689698769594543e-06 1.946755673998268321e-06 6.076769523133407347e-07 4.360166201422543963e-07 3.705376627749501495e-07 1.472304660410372890e-07 1.552695039208629169e-07 2.406235033447501337e-08 3.277809810242615640e-07 6.389973918885516468e-07 8.385062528759590350e-07 1.075153704732656479e-06 4.849404717788274866e-07 9.452013927102598245e-08 3.970083071180852130e-07 2.044491793640190735e-07 3.125192620245798025e-07 1.288116813213946443e-08 8.953517749432648998e-08 1.011169601383699046e-07 1.847071757765661459e-07 1.646492648887942778e-07 2.339752036562003923e-08 1.026323488417801855e-07 2.079060550386202522e-07 2.624418016239360441e-07 2.748602696556190494e-07 5.363332320484914817e-07 1.943919869518140331e-06 1.696525032457429916e-06 4.963275728186999913e-07 3.025770638487301767e-06 3.082922603425686248e-06 4.850703589909244329e-06 4.204470371860224986e-07 1.092748243536334485e-05 8.488437970299855806e-07 1.817639372347912285e-06 1.508795548943453468e-06 9.316389878222253174e-06 8.251576844031660585e-08 1.624968462010656367e-07 4.718030140793416649e-06 1.120351771533023566e-05
3.030218613275792450e-05 5.658603040501475334e-04 3.166841906931949779e-06 7.518955499108415097e-06 8.763474568240781082e-08 6.596731338959216373e-08 2.554364186835300643e-07 3.649827817753248382e-07 9.273843716073315591e-06 1.004743808152852580e-07 1.515412435537655256e-07 1.761912642450624844e-07 5.307996957526484039e-07 6.199427957653824706e-07 3.857571755361277610e-07 3.564533130884228740e-07 5.483372547132603358e-07 1.791607473933254369e-06 4.093669758731266484e-07 2.795798970112173265e-08 3.913736890126529033e-08 3.635905443388764979e-08 4.592410220993770054e-07 3.676346338465918961e-08 2.046069340622125310e-07 1.139875749345264921e-07 1.796553647182008717e-06 2.965781732200412080e-06 1.737401930768101010e-06 1.000631300485110842e-06 3.616900698943936732e-07 5.650722982863953803e-07 3.549574216776818503e-07 2.514608752335334430e-07 2.369760977671830915e-06 1.819548174353258219e-06 2.158873712687636726e-06 6.996320394137001131e-07 3.396640386199578643e-05 1.347276884189341217e-05 9.008645065478049219e-06 9.563657386024715379e-07 1.406892238264845219e-07 1.384226209211192327e-07 2.660850668689818121e-07 4.694089170698134694e-07 2.047515010872302810e-07 4.763068162105810188e-08 2.852026526056761213e-08 9.626970864928807714e-08 7.796915042490581982e-07 2.665711508598178625e-05 1.126747292801155709e-06 1.660452255691780010e-07 1.122419135413110780e-07 2.812079458180960501e-07 1.526143364571908023e-06 1.530723420728463680e-05 9.313876034866552800e-07 1.261047827938455157e-06 1.566667947372479830e-06 6.638552440563216805e-05 5.337027459972887300e-07 1.698571736596932169e-06 8.183492354874033481e-07 2.255910658277571201e-07 1.326950922475589323e-07 1.240789288203814067e-06 3.488014726826804690e-06 1.669084440436563455e-06 7.631609150848817080e-06 8.693966810824349523e-05 6.098320682212943211e-06 1.266357139684259892e-05 8.900342800188809633e-05 1.243148697540163994e-03 3.121643792837858200e-03 8.286169767379760742e-01 3.225000909878872335e-05 7.392135103145847097e-06 4.870632892561843619e-06 1.845306883296871092e-06 6.064896069801761769e-07 6.425921310437843204e-05 7.116930646589025855e-06 2.646809662110172212e-06 1.550949662032508058e-07 2.012612014823389472e-07 1.127303477232999285e-07 2.797605986870621564e-07 5.780771630270464811e-07 8.788089758127171081e-07 5.385504664445761591e-07 2.990249413414858282e-06 5.190988190406642389e-07 1.121862283071095590e-06 2.056269522654474713e-06 5.188834393266006373e-07 1.358009058094467036e-06 5.801660449833434541e-07 1.083412257685267832e-07 7.667051704629557207e-08 2.114303754296997795e-07 4.168211731325754954e-08 6.828584275808680104e-08 9.153286839591601165e-08 4.422261667968996335e-07 2.534762302275339607e-07 4.957900046065333299e-07 1.083981047145243792e-07 1.355025744942395249e-07 1.132261004954671080e-07 4.585586452776624355e-07 1.138752558915712143e-08 5.643888201234403823e-08 6.198029467441301676e-08 1.307944046402553795e-07 2.502031577478192048e-07 4.356365366220416036e-07 3.735213454092445318e-07 2.454587217926018639e-07 3.612182410961395362e-07 1.850041599027463235e-06 7.250872840813826770e-06 8.988854460767470300e-06 8.602250090916641057e-06 2.844335313056944869e-06 1.203847773467714433e-06 6.117007274042407516e-07 1.320712726737838238e-06 2.071900553346495144e-06 1.973348844330757856e-06 1.923596073538647033e-07 2.025228241109289229e-06 7.772941899020224810e-07 1.171518078990629874e-06 3.159007988529083377e-08 5.184776455280371010e-06 1.850341845965886023e-06 8.133626579365227371e-06 4.121782258152961731e-04
1.039612834574654698e-04 6.929237201802607160e-07 1.534893635835032910e-05 2.113530328529122926e-08 1.631445343264203984e-07 4.450334500916142133e-08 4.420751764655506122e-08 6.363826514643733390e-07 1.004743808152852580e-07 1.183813992611248977e-06 2.123189268843361788e-08 1.194706822360558363e-08 2.367949036852223799e-07 2.442345703457249328e-07 3.346507639889750862e-07 1.394831343759506126e-07 5.742809889852651395e-07 1.004018059802547214e-07 1.215699114709423156e-07 4.260691710555875034e-08 3.291128436444523686e-08 1.761075907324993750e-07 3.384566937825184141e-08 1.493567367560899584e-07 4.840584324483643286e-07 7.883222252758059767e-08 1.793622033119390835e-07 1.582056711413315497e-06 1.526802079752087593e-04 3.332137055167549988e-07 8.323854672198649496e-08 2.423044236365967663e-07 4.857828344029258005e-07 1.658987400787736988e-07 3.691756944590451894e-07 3.302197626453562407e-07 2.914193828473798931e-07 3.447408289503073320e-06 1.381450374537962489e-06 4.541699127003084868e-06 8.533440336577768903e-07 1.250990408152574673e-06 1.216955922700435622e-07 2.434563270981016103e-07 1.342068287613074062e-07 2.592775842913397355e-07 1.627247598889880464e-07 3.924108682440419216e-08 1.017006994175062573e-07 3.424393923978641396e-07 8.559489970139111392e-07 7.020499879217823036e-07 3.397167915863974486e-07 3.116945208603283390e-07 5.174386075168513344e-08 1.465784720267038210e-07 1.330043687630677596e-06 4.570792953018099070e-07 3.435188318690052256e-06 5.882496907361201011e-07 5.760004455623857211e-07 3.772896945974935079e-07 3.669200339118106058e-07 2.998778541041247081e-07 3.013437890331260860e-07 1.875520609928571503e-07 2.248033581508934731e-07 2.279087993883877061e-07 6.439959179260767996e-07 1.745588269841391593e-05 1.337794628852861933e-06 1.928909114212729037e-06 4.215575609123334289e-05 3.829155957646435127e-06 2.761584710242459550e-06 2.975513962155673653e-05 8.237619884312152863e-03 8.277455717325210571e-02 1.300988942384719849e-01 1.407855161232873797e-04 6.397185075002198573e-07 2.980316367029445246e-07 2.956971366074867547e-05 1.009502511806203984e-06 3.876594564644619823e-05 5.220123284743749537e-07 1.440834029864390686e-08 1.899494250778843707e-08 1.490685406224656617e-07 6.132903251909738174e-08 2.761468067546957172e-07 4.647131959245598409e-07 1.805463170967414044e-06 5.453345579553570133e-07 5.771036626356362831e-07 8.213629598685656674e-07 4.720523065770976245e-07 3.920894471320934827e-07 1.901038757523565437e-07 6.889088126627029851e-07 8.336096612993060262e-08 8.576405008398069185e-08 9.880407958462456008e-08 2.646232211134247336e-08 1.230877870739277569e-07 8.454597377749450970e-08 4.831719735420847428e-08 3.252981528589771187e-08 5.802176517022417102e-08 3.102670120824768674e-08 1.387842587519116933e-07 1.320803288962224542e-08 5.914883871582787833e-08 2.929222908676365478e-08 1.071844035749336399e-08 6.849958822385815438e-09 6.930626739176659612e-08 6.038597177848714637e-08 2.792861835132498527e-07 2.426939715860498836e-07 3.989856907082867110e-07 4.685940382387343561e-07 6.124826995801413432e-06 6.380773811542894691e-06 1.389476346957962960e-05 4.161169272265397012e-06 3.427292995183961466e-06 1.516125166745041497e-06 7.899517981968529057e-07 1.200045335281174630e-05 8.320397455463535152e-07 1.921540899729734519e-07 2.434966063447063789e-06 9.888221796927609830e-08 2.618931489450915251e-07 6.195576816026004963e-07 2.379230892302075517e-07 6.970886374801921193e-07 1.421158003722666763e-06 2.710959233809262514e-05 5.676743057847488672e-06
5.193689958105096593e-06 5.294087941365432926e-07 4.386977892067989160e-08 1.352639600327165681e-07 2.441641910877478949e-08 2.934738176918472163e-07 7.232291210357288946e-09 3.602290377102690400e-08 1.515412435537655256e-07 2.123189268843361788e-08 1.940748184381391184e-08 5.380508039110054597e-09 2.077060123895080324e-08 5.680508863292743627e-08 1.270906295758322813e-07 7.548153462266782299e-07 2.473140980896459951e-08 6.826810761140222894e-08 1.028317697659986152e-07 8.272640350526216935e-09 4.287472776809408970e-08 1.596555776472996513e-08 6.484720529442711268e-07 8.324214206822944107e-08 5.323876806073712942e-08 3.487034746285644360e-06 3.020882672899460886e-07 2.803544987273198785e-07 5.167696670582699880e-08 2.745406391113647260e-08 1.144091577032213536e-08 2.862859957986074733e-07 2.618583323510392802e-07 6.944010806364531163e-07 1.446753969958081143e-07 2.023770377945766086e-07 6.449549800890963525e-07 2.124546369941526791e-07 1.023061145133397076e-06 3.737135330084129237e-07 1.822496074055379722e-06 1.154996766672411468e-06 9.240376641628245125e-08 2.662647773377102567e-07 1.461025931348558515e-07 3.197441955649082956e-08 4.744972414982839837e-08 5.945722847400247701e-08 3.058867292793365777e-08 4.425014310527330963e-08 4.471885404200293124e-07 1.629554162718704902e-07 4.910477287012326997e-07 3.239627588413895865e-08 3.543152615748113021e-07 1.900223978168469330e-08 2.084281760517114890e-07 2.762160988822870422e-07 7.556756145277176984e-07 4.351153961579257157e-07 6.236533067749405745e-08 3.846963991804841498e-08 1.054043785586600279e-08 2.979151147997072258e-08 2.538600618606778880e-08 1.096519923748928704e-07 3.810306168361421442e-07 3.785906699249608209e-07 7.931213303891126998e-07 1.085617532226024196e-05 9.451111509406473488e-06 1.329437327513005584e-05 1.993975729419616982e-06 2.340060455026105046e-04 7.067331353027839214e-06 2.301735264609305887e-07 1.792742068573716097e-06 6.217117970663821325e-06 3.245725035667419434e-01 4.633903445210307837e-04 3.108003511442802846e-06 1.378676586227811640e-07 1.938995382033681381e-07 1.799220568500459194e-03 2.771483309516042937e-07 2.115798736213037046e-07 1.657736419247157755e-07 1.195998500236328255e-08 1.556131223878765013e-08 3.690573890935411328e-08 2.504723362051208824e-08 4.954949304192268755e-07 5.521609409697703086e-07 3.104734673797793221e-07 3.340316254707431654e-07 1.611603011042461731e-07 2.764262205801060190e-07 4.666534891839546617e-07 1.972652228232618654e-07 5.060919150423615065e-08 3.838720274984552816e-08 2.422887313002775045e-08 8.577653431984799681e-08 2.558888638759526657e-07 4.335276315714509110e-08 3.446948682039874257e-08 3.049826702294922143e-08 7.129107526537836748e-09 6.383575446022859978e-09 3.051982133683850407e-08 1.452099667176298681e-07 1.098321544823477325e-09 8.736160239664059191e-09 2.728786441252850636e-08 2.322918080110980554e-09 7.379957533970582517e-09 1.628783152796131617e-08 1.014515191855025478e-06 1.870018095928571711e-08 7.560534243111760588e-08 3.599937059561852948e-08 8.164062137439032085e-08 3.114410560556279961e-07 7.808572490830556490e-07 8.426073918599286117e-07 1.197618303194758482e-06 5.550734840653603896e-07 4.140857470247283345e-07 1.030714656735653989e-06 3.019143548499414464e-07 4.405418678743444616e-07 1.767349147030472523e-07 8.351259594974180800e-08 2.118924555816192878e-07 7.447290784057258861e-08 1.377881915232137544e-07 1.085018084268085659e-06 4.731691092274559196e-07 4.569477027871471364e-07 2.599264234959264286e-07 7.282301339728292078e-06
